Best solution found for P3 with n=50
====================================
Best objective value: -0.5867716074420254
Best solution (x*):
6.298297
10.000000
3.129498
3.127063
3.093495
10.000000
3.087191
3.086265
3.085769
3.063101
3.071159
3.058641
0.167155
3.091354
0.182744
3.078398
3.034715
0.165448
0.149065
3.020834
3.016677
2.998386
0.018608
2.997338
2.975974
0.163481
0.163623
2.973229
2.956430
2.934461
2.972658
2.930075
2.912958
0.162824
2.893604
0.145903
2.871186
0.155462
0.161515
0.177935
2.859763
0.154242
0.171898
0.158927
2.902798
0.147377
0.138303
0.133367
2.806411
0.117753

Constraint 1 value: -0.022061115176866375
Constraint 2 value: -261.8366435066015
